14.393987
13.888461
14.750724
14.438246
16.418075
19.522658
19.894817
19.375439
19.199112
18.980541
18.637114
19.090262
19.332030
18.468632
19.381708
19.052127
18.741246
19.153606
18.921941
18.683903
18.998418
18.687171
19.492235
19.041635
18.966857
19.237000
18.894060
19.088171
19.141995
18.857646
18.985499
19.025399
18.871706
18.962326
18.719116
19.343317
19.240271
18.816803
18.793781
18.435982
19.159487
18.409157
19.259961
19.418618
19.012315
19.073059
19.226526
19.529429
19.023094
19.013911
