32.927494
36.481843
39.825202
40.042851
39.680676
39.552706
40.322400
39.558707
42.112483
41.320925
39.627469
40.703163
39.732554
40.148596
39.592033
39.369366
39.797149
39.593983
40.232974
39.815332
39.752706
41.808526
40.332596
39.686784
39.664555
39.149903
40.781647
40.540576
39.921515
40.484973
39.193238
40.171893
41.176546
42.022416
43.559156
42.320718
42.509967
42.657326
40.907671
39.400292
39.213181
41.668713
42.973946
39.644997
39.090749
41.941108
40.113055
39.915996
39.652755
39.017553
38.588133
39.357688
39.687519
39.988604
38.630551
40.108420
39.019352
39.160444
40.139899
38.562912
43.427572
40.915164
39.478338
40.171762
39.829722
39.647418
39.646256
38.963258
39.778685
39.723656
40.291288
39.733168
39.715837
40.258312
40.152850
39.494357
39.391340
39.789765
39.319275
40.325375
40.462827
39.860585
39.546243
39.614334
39.823181
38.990053
41.043586
39.927656
39.463148
40.243166
39.748271
39.973068
40.379569
41.695377
40.064354
39.263683
39.519246
40.722710
40.509391
40.570347
