61.514843
73.286547
70.526285
70.674860
71.847673
70.674493
71.576527
69.023948
70.663792
70.379822
72.443889
72.131154
70.036869
70.328911
69.859874
70.508983
72.291202
70.657402
69.826957
70.195139
68.747172
70.643388
73.330471
71.083225
70.079107
67.835198
71.358441
71.377884
72.329176
69.313331
70.364480
71.781400
68.497596
70.540323
71.438756
69.035386
70.352857
70.292091
73.450223
60.390231
72.960432
70.455881
69.855490
70.015811
69.814991
70.273588
71.255896
69.838777
71.471945
71.383789
69.572434
70.519070
82.124899
76.216293
71.261841
71.184865
92.366251
78.421306
71.280640
70.673283
72.116064
90.535961
73.120552
73.411765
73.492184
72.927688
70.798046
102.652172
92.695960
85.260744
71.121934
70.835816
72.032692
70.649550
69.867401
71.039302
57.223114
71.002302
70.483286
69.970500
70.471577
71.223980
69.428108
70.140216
70.705574
73.005341
70.892560
71.100724
52.034846
69.271053
71.663424
70.243717
70.263944
70.698961
70.698164
70.189842
69.563512
70.441098
69.734642
72.152495
71.361208
70.295182
69.251273
71.145199
70.978529
67.361343
66.444631
70.309489
68.178048
70.919306
70.970636
74.014218
70.480345
70.417998
70.216824
70.636486
71.567264
56.547129
70.059075
72.106442
70.833741
70.142575
71.989782
69.926455
71.465627
70.704403
71.308251
70.411396
71.883931
71.918679
68.749620
71.631470
71.307358
71.836058
75.573589
72.779309
