69.416234
71.563741
70.526242
70.771504
69.066616
70.038166
70.133958
68.611776
69.414290
56.913754
70.736635
69.659617
69.131244
70.441916
69.758384
71.675398
72.829567
72.826125
69.808722
70.275207
70.953787
72.098586
62.977940
70.000422
70.049418
69.725896
71.330322
74.516933
71.244882
70.684617
68.725488
79.984121
69.594727
70.260832
68.459794
70.508251
69.541970
69.505064
69.836513
70.412515
71.074182
69.311039
70.406059
68.979714
70.158416
71.618223
73.684027
70.787677
71.151066
70.114669
67.107394
71.570407
65.068023
70.933779
69.623058
70.362447
69.962588
71.723098
73.116517
60.158535
71.251548
62.498710
71.437104
70.996824
70.795952
70.307409
70.159459
70.659002
71.440898
71.760893
70.520277
70.387853
71.585688
70.716438
72.030618
69.341849
71.214689
70.847637
71.021144
70.826445
72.476816
70.637725
70.708339
70.294318
60.583533
70.432875
70.792167
69.951544
69.919662
69.283010
66.969897
78.731242
71.841414
71.203842
51.743230
70.694051
70.879352
70.889821
70.742079
60.337923
70.792777
69.746390
69.247963
69.468237
65.489850
72.489929
65.855934
70.901164
68.068120
71.327724
70.431578
67.765184
69.847414
71.700569
69.565268
73.706980
73.567544
72.268222
70.299835
70.413935
70.638182
69.098342
70.320580
69.111296
70.748896
68.944631
69.896062
70.744928
71.254706
71.439695
70.437635
71.292199
69.623400
69.257629
72.206173
69.944833
71.684539
69.250724
70.706788
70.505984
70.646516
69.668658
70.783262
73.421068
72.105482
70.987083
70.552565
70.110835
71.260273
70.986038
70.326361
69.912761
72.473409
71.561253
70.232158
70.502910
69.736812
70.719117
72.852085
70.703098
72.578532
70.061497
70.857551
76.853868
71.679489
68.962338
70.079354
71.118402
69.877492
69.821207
67.992282
68.628243
68.053918
70.268934
69.531554
71.865792
70.501572
56.339995
70.331356
71.444697
70.101028
70.881870
71.901701
70.505070
71.077864
68.864637
70.106801
73.488826
65.923355
71.566308
71.507563
70.352525
70.483416
70.731960
72.987653
70.222105
69.962185
69.866540
70.147188
71.640070
71.076820
72.135075
69.907001
68.517265
70.461704
70.958387
67.975074
69.757159
69.072748
69.855978
72.668026
72.651339
70.769618
70.069873
71.598148
59.613097
69.864226
71.728100
68.561191
70.045768
70.793328
70.539266
60.499851
66.170319
69.032238
71.451104
68.821858
70.735545
70.039676
70.385224
68.936091
69.701706
69.901774
69.996110
75.741424
71.983506
70.398792
69.562030
69.888734
70.754696
70.844637
66.844733
70.259598
70.053829
71.280251
71.340819
70.732764
71.370084
70.959432
69.769439
70.272690
70.137028
70.440476
70.358051
70.947446
66.975226
71.103924
69.487056
70.122197
72.024119
67.517964
70.690620
54.468012
69.668535
71.641892
70.641356
71.016666
69.354491
69.389221
70.491335
69.826994
71.028315
71.734144
69.447938
69.608108
70.508551
70.196016
69.954181
69.059505
68.324143
68.559203
70.626651
73.471075
70.902134
69.879334
70.608658
70.390683
70.493643
69.641035
70.901147
69.437231
68.572782
76.465431
70.897180
70.488524
70.014750
70.148627
70.902101
70.018397
69.587565
69.572155
70.634332
69.660657
70.615033
68.450632
70.857536
69.538791
72.139638
69.710245
70.245050
70.155839
68.919060
69.779090
74.268119
68.553286
70.406773
69.632306
69.237124
70.571401
71.885320
70.998819
70.062874
50.141417
70.678348
70.276641
71.172884
70.112607
69.708344
69.411366
68.811655
70.349235
71.606808
70.254590
70.129101
70.028770
68.999260
69.784128
70.106264
69.349674
70.327702
70.011970
71.100816
69.404826
53.554831
69.430616
69.628824
71.282494
69.945253
68.594298
70.350285
71.495617
70.551828
67.699597
68.936165
70.889884
70.366824
70.510516
70.337607
70.746479
69.989362
69.814607
71.275227
68.228054
69.870108
71.114285
69.211586
69.876016
71.654265
70.270773
70.635009
71.813869
71.021261
72.318272
70.312639
69.407826
71.418439
70.068992
70.942039
70.733291
70.614751
69.200493
69.323671
71.258884
71.155105
71.758389
71.057306
60.533106
70.369586
66.753234
66.012745
71.265313
72.930853
70.987530
70.548880
68.560431
70.268320
69.618829
56.041912
88.009907
76.646834
